all_time: 7222.188397884369, write_cfg_time: 0.07437515258789062, compile_time: 4975.2079792022705, run_time: 2229.1609477996826, exec_time: 294.58373400000016
all_time: 7228.807112693787, write_cfg_time: 0.06446266174316406, compile_time: 2676.0302999019623, run_time: 4542.325074911118, exec_time: 827.3350089999999
